728368.05 6174304.56
700169.47 6211841.32
699768.47 6211441.32
714827.05 6194195.35
694218.16 6194840.21
705589.59 6203944.86
688491.54 6134187.71
591071.78 6355453.41
584026.25 6148109.45
591489.95 6368734.42
705284.08 6184068.01
708017.86 6171442.34
705957.45 6142331.42
703447.77 6199423.14
691859.04 6199830.09
694355.43 6185595.61
720813.14 6214195.09
702638.44 6214192.33
670687.53 6149300.37
658242.17 6143091.34
650291.65 6162158.49
669100.90 6167859.01
687038.73 6186671.74
700201.34 6197151.11
670576.95 6162731.90
709463.67 6178457.31
723179.12 6184102.71
703639.27 6216147.59
663984.04 6153964.62
705368.96 6185731.52
715265.60 6211434.49
709288.02 6170844.79
697680.34 6197461.44
691028.33 6202647.75
706175.10 6207855.97
675416.44 6150160.89
688586.57 6139143.35
683916.59 6177760.87
690354.32 6207439.51
